1389249471003959299
1387052837914435587
1389226906990661639
1389224631064748041
1389247621441769473
1389225950060089345
1389245512751190030
1389245427896172545
1389240855689576453
1389243879694733313
1389243293763084288
1389242958269108238
1389240955686031367
1389226998766219267
1389235470207356930
1389234216366481417
1389233010806071300
1389229950083997697
1389224419025956869
1389232018001702915
1389226642602659850
1387486095538016260
1387578251380469763
1389231343012306950
1389230259992764422
1389229473061609472
1389229240210571264
1389226028912893952
1388993294718341122
1389228215001141257
1389227431668686854
1387208980578058241
1389226719823998989
1388961174478331907
1389226677016932357
1388991129350254600
1389225563928268802
1389225194066120705
1387663236086984705
1387480708315156480
1387607759403720706
1389225187686584322
1387315751757836288
1388973032849383426
1387570936472215555
1387499105622978560
1387412586879062022
1389224815207329794
1389224806839721986
1388974167484215296
1389224380870365196
1389047672443654144
1389016881911173122
1389005357985509376
1387581244934864896
1387546103537623040
1387561406493560832
1387568248762388483
1389208713819561984
1389199409049653250
1389192686851305478
1389157955099037700
1389147521277124609
1389067457344819200
1389080133844221952
1389009960873480197
1387947681985728515
1387856719464837121
1389076027452792838
1387918552569630725
1387920630595608584
1387098079527120900
1389061401910579203
1389055583425384450
1388973046103375874
1388999493056532481
1389003695359098884
1389051850587054086
1389050058356711424
1387270782800236545
1389048516480282632
1389051457895272448
1389051414303870979
1389043207196057603
1389051377268269057
1389050616958394369
1389046618675048451
1389043887575117824
1389043530702757896
1389015058643144709
1389011779108413441
1388973923459600385
1388977212154683402
1388977148510318595
1388964357632053248
1388720748446076930
1387430244789878785
1388667970746978310
1388568943443460100
1388500404825202690
1388462168698494977
1388288793015422981
1387578503852351488
1388257714132946946
1388228717449605122
1388247108310867969
1388243130294624257
1386926864636252160
1386798908823724034
1386722682230673408
1386795643272941569
1386802914430177291
1387555375763922947
1388223620120514564
1386804961263210501
1386793057543245825
1386800670213279749
1386794321366638600
1387952671152394252
1387940355023282179
1387887686443180032
1387887942442491904
1387885784850604032
1387884891589660672
1387891057623326720
1387889823369809923
1387573980933013512
1387649848531464192
1387880888000827396
1387814204510441473
1387778132426506242
1387736800832200704
1387663250284683265
1387570949361336324
1387704123408199680
1387700340020105217
1387696673825112077
1387672746709164032
1387493576607551489
1387521004176437250
1387616821277122563
1387607766529765377
1387499111662817280
1387643600758927363
1387620148186546177
1387639660231512064
1387632229438967809
1387626668911628289
1387618495421108224
1387612478998188033
1387577810622029832
1387612211166826497
1387611813509017603
1387601740166582272
1387610198475427844
1387608355544387584
1387608312619864067
1387606612899160066
1387606378001412099
1387595877607424001
1387591996047609856
1387589988322263048
1387588361464975360
1387588246012633088
1387584207380226055
1387569570907664387
1387572482962608128
1387577546162774022
1387506916457385985
1387583805192613892
1387575592866963463
1387583644391325697
1387572487827902472
1387582683946102786
1387582268521263110
1387581428326617088
1387581137531330561
1387579974559862789
1387579788202741765
1387579784201490432
1387579266250989574
1387578934410219535
1387578915300970497
1387578623884935173
1387578419282595840
1387578214365679618
1387578193838845953
1387578106207158283
1387572920990552065
1387577143182479362
1387576345237114884
1387576200139362309
1387575965207891969
1387575770621648902
1387575273458126850
1387574787254456323
1387574755142905860
1387572661400784896
1387571606881554433
1387571158334246914
1387568879338147841
1387568370288037888
1387568194244726786
1387567715003650050
1387566937643884544
1387566504535805954
1387566457375100930
1387564243642425347
1387563176766607368
1387558646293401600
1387558599791153160
1387557765665759240
1387553784621056000
1387544261256794114
1387520598172213248
1387508840636338177
1387500530637881344
1386727512470925318
1387486881105932288
1386727529311047686
1387473274024587265
1387470944596287489
1387412593841623043
1387379500946710532
1387374412886859781
1387347756315029506
1387054634204745733
1387315897405169666
1387277853859909632
1387273339870138370
1387271166457520133
1387267336818790401
1387245843879710721
1387214965443018763
1387209274900860929
1387205842727014401
1387196954824691714
1387199996404006914
1387174282661449733
1387163937687355392
1387155899878420481
1387153925170737153
1387148600560558081
1387142172860985350
1387129419056177155
1387026444006707201
1387039786544758794
1387039252924436481
1387035526503489536
1387012497891278848
1386907133040603139
1386835122561953796
1386792252656214018
1386758180034732034
1386742414241669123
1386734162632118274
1386695357384560644
1386639324532379651
1386566721016786944
1386566729208274944
1386566733545107456
1386566737580101636
1386566724930072576
1386462473826537475
1386456868730589187
1386451924350799875
